6.993944786881911568e-02
1.152722593487851555e-01
1.795911382077974849e-02
2.287914510452537797e-02
1.770266903972697037e-01
1.502498981908502174e-01
4.848328624211717397e-02
3.090836995324934833e-01
1.431947051401039062e-01
1.493577290661960433e-01
1.126335423546152015e-01
2.710560336909111356e-01
1.718089365676860325e-01
2.038541728461495950e-02
2.398357417414445081e-01
1.203622878142596164e-01
1.206487211325111275e-01
7.789440987608031719e-02
2.557191652595065534e-01
1.772360067961926688e-01
2.106854553449011291e-02
3.093404096298399963e-01
1.562864631523552816e-03
1.188017661243065959e-01
2.353852660326083424e-01
1.802202339467839920e-02
2.394562365175261220e-01
2.690040610718824610e-01
2.234373178075657052e-01
3.305288359915721230e-01
2.484479429676866857e-01
2.236123283432789322e-01
