-4.156807405070139794e-02
-4.168672322066413471e-03
-6.204301674279122381e-02
-5.903962512320504175e-02
-1.537335099651500059e-01
-1.318946273081564868e-01
-4.094629860765053309e-02
-2.492517228347423952e-01
-1.072304597623769951e-01
1.203398957959507243e-01
1.007362687778368127e-01
-2.211383966696303105e-01
-1.158559428981789097e-01
6.296646579630760243e-02
-2.066954486886061204e-01
-7.822559868463940802e-02
-8.255404512010500184e-02
1.256044891897545313e-01
-3.098026855996067752e-01
-2.152406789414271771e-01
6.095201393736715545e-02
-3.769813923299807357e-01
3.109972257379922667e-02
1.511641973252153548e-01
2.765416082279443799e-01
-5.705678754929977003e-02
2.679641412064484030e-01
3.015131974766518397e-01
2.451281189814835670e-01
3.498277656553909765e-01
2.177420780822103552e-01
1.497617306777101476e-01
