-5.539483695383751183e-02
-1.839165084675187245e-02
-6.856978702671767678e-02
-6.457716650265865610e-02
-1.519451939757345826e-01
-1.306491410332455416e-01
-4.096307205281846109e-02
-2.438065428600566520e-01
-1.039233921842424024e-01
1.157565062981120718e-01
9.825443515637743985e-02
-2.159122452485462418e-01
-1.100816520333864901e-01
6.759517235650491784e-02
-2.027463197309771203e-01
-7.338767744204233168e-02
-7.807110908333925181e-02
1.312685335769856465e-01
-3.169618499609896389e-01
-2.191043036932569521e-01
6.580830822849748074e-02
-3.929936126733082347e-01
3.488467965735253529e-02
1.553698159550549462e-01
2.821448054573920672e-01
-6.411374269055158948e-02
2.718703074629047478e-01
3.059943517805550073e-01
2.481982512881586445e-01
3.526617616794283094e-01
2.157472458134179760e-01
1.442987364712280396e-01
