1.291662504072519368e-01
8.441784851811462431e-02
1.483053189622296486e-02
2.292170786404312821e-03
8.704511770156386774e-02
5.978791692314189277e-02
4.113935686746117426e-02
2.623490213336481247e-01
5.362204362108968780e-02
1.894881236116816581e-01
1.827013932465888502e-01
3.015295372315449640e-01
1.617565166243366548e-01
1.045058661361508712e-01
3.014726319320288894e-01
1.608987090476148296e-01
1.696906528359249933e-01
1.244990998038701946e-01
2.363979676488270343e-01
2.053809683484359994e-01
1.624133180985154468e-02
9.222303900196493487e-02
5.575033223885839107e-02
7.028885040335808299e-02
2.304466325704197516e-01
4.750970067289017607e-02
1.897505077577079646e-01
2.283025031201759703e-01
1.659920197184874269e-01
2.750105590694147395e-01
2.068701197563314054e-01
2.307207971221032494e-01
