5.327762183605955215e-02
5.357534595077595441e-03
5.504646677036362235e-02
4.786312164014816517e-02
1.055236398528904829e-01
8.511620448689427576e-02
5.135325036007998278e-03
2.299870606893819058e-01
5.022231949669730966e-02
1.494661952042406483e-01
1.421660359660563699e-01
2.807460801045635890e-01
1.247339620049388031e-01
1.304035207990636991e-01
3.049984847843916214e-01
1.454662780902253871e-01
1.615807497046262142e-01
1.738436908672156278e-01
2.794022102507369709e-01
2.826430777868154109e-01
1.618073993540747324e-03
3.316095077084355580e-01
6.062433387523924466e-02
7.474710784072158276e-02
2.766681103962582711e-01
1.786132423967501381e-02
1.889960726762183185e-01
2.404357302698372223e-01
1.505585080726632441e-01
2.574951365877495846e-01
1.594972805382894876e-01
1.952491371635005635e-01
