5.534942761960337521e-02
1.834431817178483470e-02
6.854325146014161874e-02
6.455401578523378703e-02
1.519454713511549926e-01
1.306484434453523136e-01
4.095874911354258074e-02
2.438207385266650817e-01
1.039297635834373068e-01
1.157770975351013476e-01
9.826553614175281837e-02
2.159283629389392445e-01
1.100979948282656551e-01
6.758527343390596798e-02
2.027606144879428030e-01
7.340372913495230023e-02
7.808629984947401681e-02
1.312538546144423890e-01
3.169452962092691450e-01
2.190966835655672185e-01
6.579276330421635066e-02
3.929436708335742878e-01
3.487214044434949756e-02
1.553568974422887550e-01
2.821284488513811084e-01
6.409920633859655936e-02
2.718571544219230418e-01
3.059810481045133201e-01
2.481870633355356404e-01
3.526508560912589019e-01
2.157484416584338760e-01
1.443106343281215231e-01
