1.826852488829899812e-02
5.312044712582064676e-02
1.015421345200593350e-01
9.203766574228211539e-02
8.963810319573894958e-02
7.340887271629981115e-02
4.988992737253283849e-03
2.130627586720947875e-01
2.166593898846258526e-02
1.252243169169560133e-01
1.244665950157468615e-01
2.907484990096236288e-01
1.161217289436535793e-01
1.792880882544523047e-01
3.259902517479531525e-01
1.592050828198807721e-01
1.783072245352741447e-01
2.085150297098152805e-01
2.642948712282304768e-01
2.682270685081675765e-01
1.003600330068366020e-02
3.999132134181309084e-01
7.747146888686984312e-02
6.082387837659553043e-02
2.786533807807245466e-01
4.847968416743242415e-02
1.765308748940697114e-01
2.298543538859121327e-01
1.378376946745447640e-01
2.466896380301477620e-01
1.801869431460545457e-01
2.373900844709169178e-01
